{
 "cells": [
  {
   "cell_type": "code",
   "execution_count": 1,
   "id": "fe52553a",
   "metadata": {},
   "outputs": [],
   "source": [
    "from selenium import webdriver\n",
    "import pandas as pd"
   ]
  },
  {
   "cell_type": "code",
   "execution_count": 2,
   "id": "e5ddc20f",
   "metadata": {},
   "outputs": [],
   "source": [
    "driver=webdriver.Chrome()"
   ]
  },
  {
   "cell_type": "code",
   "execution_count": 3,
   "id": "991dccc1",
   "metadata": {},
   "outputs": [],
   "source": [
    "driver.get('https://finance.yahoo.com/')"
   ]
  },
  {
   "cell_type": "code",
   "execution_count": 4,
   "id": "12a41028",
   "metadata": {},
   "outputs": [],
   "source": [
    "import time;\n",
    "time.sleep(2)\n",
    "driver.find_element_by_xpath(\"//input[@aria-label='Search for news, symbols or companies']\").send_keys('TSLA')\n",
    "time.sleep(2)\n",
    "driver.find_element_by_xpath(\"//button[@id='header-desktop-search-button']\").click()\n",
    "time.sleep(2)\n",
    "driver.find_element_by_xpath(\"//span[text()='Historical Data']\").click()\n",
    "time.sleep(2)\n",
    "driver.find_element_by_xpath(\"//span[text()='Jan 29, 2021 - Jan 29, 2022']\").click()\n",
    "time.sleep(2)\n",
    "driver.find_element_by_xpath(\"//span[text()='Max']\").click()\n",
    "time.sleep(2)\n",
    "driver.find_element_by_xpath(\"//span[text()='Apply']\").click()\n",
    "time.sleep(2)\n",
    "\n",
    "\n",
    "\n",
    "\n"
   ]
  },
  {
   "cell_type": "code",
   "execution_count": 5,
   "id": "12615e9b",
   "metadata": {},
   "outputs": [],
   "source": [
    "SCROLL_PAUSE_TIME = 0.5\n",
    "last_height = driver.execute_script(\"return document.body.scrollHeight\")\n",
    "while True:\n",
    "    # Scroll down to bottom\n",
    "    driver.execute_script(\"window.scrollTo(0, document.body.scrollHeight);\")\n",
    "\n",
    "    # Wait to load page\n",
    "    time.sleep(SCROLL_PAUSE_TIME)\n",
    "\n",
    "    # Calculate new scroll height and compare with last scroll height\n",
    "    new_height = driver.execute_script(\"return document.body.scrollHeight\")\n",
    "    if new_height == last_height:\n",
    "        break\n",
    "    last_height = new_height\n",
    "\n",
    "\n"
   ]
  },
  {
   "cell_type": "code",
   "execution_count": 6,
   "id": "ef117202",
   "metadata": {},
   "outputs": [
    {
     "data": {
      "text/plain": [
       "['Date', 'Open', 'High', 'Low', 'Close*', 'Adj Close**', 'Volume']"
      ]
     },
     "execution_count": 6,
     "metadata": {},
     "output_type": "execute_result"
    }
   ],
   "source": [
    "element = driver.find_element_by_xpath(\"//span[text()='*Close price adjusted for splits.']\");\n",
    "driver.execute_script(\"arguments[0].scrollIntoView(true);\", element);\n",
    "time.sleep(2); \n",
    "\n",
    "    \n",
    "from bs4 import BeautifulSoup\n",
    "soup=BeautifulSoup(driver.page_source)\n",
    "table=soup.find('table', class_='W(100%) M(0)')\n",
    "headers=[]\n",
    "for th in table.find('thead').find_all('th'):\n",
    "    headers.append(th.text)\n",
    "headers"
   ]
  },
  {
   "cell_type": "code",
   "execution_count": 7,
   "id": "a3ac7e21",
   "metadata": {},
   "outputs": [
    {
     "data": {
      "text/html": [
       "<div>\n",
       "<style scoped>\n",
       "    .dataframe tbody tr th:only-of-type {\n",
       "        vertical-align: middle;\n",
       "    }\n",
       "\n",
       "    .dataframe tbody tr th {\n",
       "        vertical-align: top;\n",
       "    }\n",
       "\n",
       "    .dataframe thead th {\n",
       "        text-align: right;\n",
       "    }\n",
       "</style>\n",
       "<table border=\"1\" class=\"dataframe\">\n",
       "  <thead>\n",
       "    <tr style=\"text-align: right;\">\n",
       "      <th></th>\n",
       "      <th>Date</th>\n",
       "      <th>Open</th>\n",
       "      <th>High</th>\n",
       "      <th>Low</th>\n",
       "      <th>Close*</th>\n",
       "      <th>Adj Close**</th>\n",
       "      <th>Volume</th>\n",
       "    </tr>\n",
       "  </thead>\n",
       "  <tbody>\n",
       "  </tbody>\n",
       "</table>\n",
       "</div>"
      ],
      "text/plain": [
       "Empty DataFrame\n",
       "Columns: [Date, Open, High, Low, Close*, Adj Close**, Volume]\n",
       "Index: []"
      ]
     },
     "execution_count": 7,
     "metadata": {},
     "output_type": "execute_result"
    }
   ],
   "source": [
    "df=pd.DataFrame(columns=headers)\n",
    "df"
   ]
  },
  {
   "cell_type": "code",
   "execution_count": 8,
   "id": "d3d144b6",
   "metadata": {},
   "outputs": [
    {
     "data": {
      "text/html": [
       "<div>\n",
       "<style scoped>\n",
       "    .dataframe tbody tr th:only-of-type {\n",
       "        vertical-align: middle;\n",
       "    }\n",
       "\n",
       "    .dataframe tbody tr th {\n",
       "        vertical-align: top;\n",
       "    }\n",
       "\n",
       "    .dataframe thead th {\n",
       "        text-align: right;\n",
       "    }\n",
       "</style>\n",
       "<table border=\"1\" class=\"dataframe\">\n",
       "  <thead>\n",
       "    <tr style=\"text-align: right;\">\n",
       "      <th></th>\n",
       "      <th>Date</th>\n",
       "      <th>Open</th>\n",
       "      <th>High</th>\n",
       "      <th>Low</th>\n",
       "      <th>Close*</th>\n",
       "      <th>Adj Close**</th>\n",
       "      <th>Volume</th>\n",
       "    </tr>\n",
       "  </thead>\n",
       "  <tbody>\n",
       "    <tr>\n",
       "      <th>0</th>\n",
       "      <td>Jan 28, 2022</td>\n",
       "      <td>831.56</td>\n",
       "      <td>857.50</td>\n",
       "      <td>792.01</td>\n",
       "      <td>846.35</td>\n",
       "      <td>846.35</td>\n",
       "      <td>44,340,957</td>\n",
       "    </tr>\n",
       "    <tr>\n",
       "      <th>1</th>\n",
       "      <td>Jan 27, 2022</td>\n",
       "      <td>933.36</td>\n",
       "      <td>935.39</td>\n",
       "      <td>829.00</td>\n",
       "      <td>829.10</td>\n",
       "      <td>829.10</td>\n",
       "      <td>48,475,400</td>\n",
       "    </tr>\n",
       "    <tr>\n",
       "      <th>2</th>\n",
       "      <td>Jan 26, 2022</td>\n",
       "      <td>952.43</td>\n",
       "      <td>987.69</td>\n",
       "      <td>906.00</td>\n",
       "      <td>937.41</td>\n",
       "      <td>937.41</td>\n",
       "      <td>33,425,700</td>\n",
       "    </tr>\n",
       "    <tr>\n",
       "      <th>3</th>\n",
       "      <td>Jan 25, 2022</td>\n",
       "      <td>914.20</td>\n",
       "      <td>951.26</td>\n",
       "      <td>903.21</td>\n",
       "      <td>918.40</td>\n",
       "      <td>918.40</td>\n",
       "      <td>28,865,300</td>\n",
       "    </tr>\n",
       "    <tr>\n",
       "      <th>4</th>\n",
       "      <td>Jan 24, 2022</td>\n",
       "      <td>904.76</td>\n",
       "      <td>933.51</td>\n",
       "      <td>851.47</td>\n",
       "      <td>930.00</td>\n",
       "      <td>930.00</td>\n",
       "      <td>50,791,700</td>\n",
       "    </tr>\n",
       "    <tr>\n",
       "      <th>...</th>\n",
       "      <td>...</td>\n",
       "      <td>...</td>\n",
       "      <td>...</td>\n",
       "      <td>...</td>\n",
       "      <td>...</td>\n",
       "      <td>...</td>\n",
       "      <td>...</td>\n",
       "    </tr>\n",
       "    <tr>\n",
       "      <th>95</th>\n",
       "      <td>Sep 14, 2021</td>\n",
       "      <td>742.57</td>\n",
       "      <td>754.47</td>\n",
       "      <td>736.40</td>\n",
       "      <td>744.49</td>\n",
       "      <td>744.49</td>\n",
       "      <td>18,524,900</td>\n",
       "    </tr>\n",
       "    <tr>\n",
       "      <th>96</th>\n",
       "      <td>Sep 13, 2021</td>\n",
       "      <td>740.21</td>\n",
       "      <td>744.78</td>\n",
       "      <td>708.85</td>\n",
       "      <td>743.00</td>\n",
       "      <td>743.00</td>\n",
       "      <td>22,952,500</td>\n",
       "    </tr>\n",
       "    <tr>\n",
       "      <th>97</th>\n",
       "      <td>Sep 10, 2021</td>\n",
       "      <td>759.60</td>\n",
       "      <td>762.61</td>\n",
       "      <td>734.52</td>\n",
       "      <td>736.27</td>\n",
       "      <td>736.27</td>\n",
       "      <td>15,114,300</td>\n",
       "    </tr>\n",
       "    <tr>\n",
       "      <th>98</th>\n",
       "      <td>Sep 09, 2021</td>\n",
       "      <td>753.41</td>\n",
       "      <td>762.10</td>\n",
       "      <td>751.63</td>\n",
       "      <td>754.86</td>\n",
       "      <td>754.86</td>\n",
       "      <td>14,077,700</td>\n",
       "    </tr>\n",
       "    <tr>\n",
       "      <th>99</th>\n",
       "      <td>Sep 08, 2021</td>\n",
       "      <td>761.58</td>\n",
       "      <td>764.45</td>\n",
       "      <td>740.77</td>\n",
       "      <td>753.87</td>\n",
       "      <td>753.87</td>\n",
       "      <td>18,793,000</td>\n",
       "    </tr>\n",
       "  </tbody>\n",
       "</table>\n",
       "<p>100 rows × 7 columns</p>\n",
       "</div>"
      ],
      "text/plain": [
       "            Date    Open    High     Low  Close* Adj Close**      Volume\n",
       "0   Jan 28, 2022  831.56  857.50  792.01  846.35      846.35  44,340,957\n",
       "1   Jan 27, 2022  933.36  935.39  829.00  829.10      829.10  48,475,400\n",
       "2   Jan 26, 2022  952.43  987.69  906.00  937.41      937.41  33,425,700\n",
       "3   Jan 25, 2022  914.20  951.26  903.21  918.40      918.40  28,865,300\n",
       "4   Jan 24, 2022  904.76  933.51  851.47  930.00      930.00  50,791,700\n",
       "..           ...     ...     ...     ...     ...         ...         ...\n",
       "95  Sep 14, 2021  742.57  754.47  736.40  744.49      744.49  18,524,900\n",
       "96  Sep 13, 2021  740.21  744.78  708.85  743.00      743.00  22,952,500\n",
       "97  Sep 10, 2021  759.60  762.61  734.52  736.27      736.27  15,114,300\n",
       "98  Sep 09, 2021  753.41  762.10  751.63  754.86      754.86  14,077,700\n",
       "99  Sep 08, 2021  761.58  764.45  740.77  753.87      753.87  18,793,000\n",
       "\n",
       "[100 rows x 7 columns]"
      ]
     },
     "execution_count": 8,
     "metadata": {},
     "output_type": "execute_result"
    }
   ],
   "source": [
    "for row in table.find('tbody').find_all('tr'):\n",
    "    col=row.find_all('td')\n",
    "    temp=[]\n",
    "    for x in col:\n",
    "        temp.append(x.text)\n",
    "    df.loc[len(df)]=temp\n",
    "df"
   ]
  },
  {
   "cell_type": "code",
   "execution_count": 9,
   "id": "68687bfe",
   "metadata": {},
   "outputs": [
    {
     "data": {
      "text/html": [
       "<div>\n",
       "<style scoped>\n",
       "    .dataframe tbody tr th:only-of-type {\n",
       "        vertical-align: middle;\n",
       "    }\n",
       "\n",
       "    .dataframe tbody tr th {\n",
       "        vertical-align: top;\n",
       "    }\n",
       "\n",
       "    .dataframe thead th {\n",
       "        text-align: right;\n",
       "    }\n",
       "</style>\n",
       "<table border=\"1\" class=\"dataframe\">\n",
       "  <thead>\n",
       "    <tr style=\"text-align: right;\">\n",
       "      <th></th>\n",
       "      <th>Date</th>\n",
       "      <th>Open</th>\n",
       "      <th>High</th>\n",
       "      <th>Low</th>\n",
       "      <th>Close*</th>\n",
       "      <th>Adj Close**</th>\n",
       "      <th>Volume</th>\n",
       "    </tr>\n",
       "  </thead>\n",
       "  <tbody>\n",
       "    <tr>\n",
       "      <th>99</th>\n",
       "      <td>Sep 08, 2021</td>\n",
       "      <td>761.58</td>\n",
       "      <td>764.45</td>\n",
       "      <td>740.77</td>\n",
       "      <td>753.87</td>\n",
       "      <td>753.87</td>\n",
       "      <td>18,793,000</td>\n",
       "    </tr>\n",
       "    <tr>\n",
       "      <th>98</th>\n",
       "      <td>Sep 09, 2021</td>\n",
       "      <td>753.41</td>\n",
       "      <td>762.10</td>\n",
       "      <td>751.63</td>\n",
       "      <td>754.86</td>\n",
       "      <td>754.86</td>\n",
       "      <td>14,077,700</td>\n",
       "    </tr>\n",
       "    <tr>\n",
       "      <th>97</th>\n",
       "      <td>Sep 10, 2021</td>\n",
       "      <td>759.60</td>\n",
       "      <td>762.61</td>\n",
       "      <td>734.52</td>\n",
       "      <td>736.27</td>\n",
       "      <td>736.27</td>\n",
       "      <td>15,114,300</td>\n",
       "    </tr>\n",
       "    <tr>\n",
       "      <th>96</th>\n",
       "      <td>Sep 13, 2021</td>\n",
       "      <td>740.21</td>\n",
       "      <td>744.78</td>\n",
       "      <td>708.85</td>\n",
       "      <td>743.00</td>\n",
       "      <td>743.00</td>\n",
       "      <td>22,952,500</td>\n",
       "    </tr>\n",
       "    <tr>\n",
       "      <th>95</th>\n",
       "      <td>Sep 14, 2021</td>\n",
       "      <td>742.57</td>\n",
       "      <td>754.47</td>\n",
       "      <td>736.40</td>\n",
       "      <td>744.49</td>\n",
       "      <td>744.49</td>\n",
       "      <td>18,524,900</td>\n",
       "    </tr>\n",
       "    <tr>\n",
       "      <th>...</th>\n",
       "      <td>...</td>\n",
       "      <td>...</td>\n",
       "      <td>...</td>\n",
       "      <td>...</td>\n",
       "      <td>...</td>\n",
       "      <td>...</td>\n",
       "      <td>...</td>\n",
       "    </tr>\n",
       "    <tr>\n",
       "      <th>4</th>\n",
       "      <td>Jan 24, 2022</td>\n",
       "      <td>904.76</td>\n",
       "      <td>933.51</td>\n",
       "      <td>851.47</td>\n",
       "      <td>930.00</td>\n",
       "      <td>930.00</td>\n",
       "      <td>50,791,700</td>\n",
       "    </tr>\n",
       "    <tr>\n",
       "      <th>3</th>\n",
       "      <td>Jan 25, 2022</td>\n",
       "      <td>914.20</td>\n",
       "      <td>951.26</td>\n",
       "      <td>903.21</td>\n",
       "      <td>918.40</td>\n",
       "      <td>918.40</td>\n",
       "      <td>28,865,300</td>\n",
       "    </tr>\n",
       "    <tr>\n",
       "      <th>2</th>\n",
       "      <td>Jan 26, 2022</td>\n",
       "      <td>952.43</td>\n",
       "      <td>987.69</td>\n",
       "      <td>906.00</td>\n",
       "      <td>937.41</td>\n",
       "      <td>937.41</td>\n",
       "      <td>33,425,700</td>\n",
       "    </tr>\n",
       "    <tr>\n",
       "      <th>1</th>\n",
       "      <td>Jan 27, 2022</td>\n",
       "      <td>933.36</td>\n",
       "      <td>935.39</td>\n",
       "      <td>829.00</td>\n",
       "      <td>829.10</td>\n",
       "      <td>829.10</td>\n",
       "      <td>48,475,400</td>\n",
       "    </tr>\n",
       "    <tr>\n",
       "      <th>0</th>\n",
       "      <td>Jan 28, 2022</td>\n",
       "      <td>831.56</td>\n",
       "      <td>857.50</td>\n",
       "      <td>792.01</td>\n",
       "      <td>846.35</td>\n",
       "      <td>846.35</td>\n",
       "      <td>44,340,957</td>\n",
       "    </tr>\n",
       "  </tbody>\n",
       "</table>\n",
       "<p>100 rows × 7 columns</p>\n",
       "</div>"
      ],
      "text/plain": [
       "            Date    Open    High     Low  Close* Adj Close**      Volume\n",
       "99  Sep 08, 2021  761.58  764.45  740.77  753.87      753.87  18,793,000\n",
       "98  Sep 09, 2021  753.41  762.10  751.63  754.86      754.86  14,077,700\n",
       "97  Sep 10, 2021  759.60  762.61  734.52  736.27      736.27  15,114,300\n",
       "96  Sep 13, 2021  740.21  744.78  708.85  743.00      743.00  22,952,500\n",
       "95  Sep 14, 2021  742.57  754.47  736.40  744.49      744.49  18,524,900\n",
       "..           ...     ...     ...     ...     ...         ...         ...\n",
       "4   Jan 24, 2022  904.76  933.51  851.47  930.00      930.00  50,791,700\n",
       "3   Jan 25, 2022  914.20  951.26  903.21  918.40      918.40  28,865,300\n",
       "2   Jan 26, 2022  952.43  987.69  906.00  937.41      937.41  33,425,700\n",
       "1   Jan 27, 2022  933.36  935.39  829.00  829.10      829.10  48,475,400\n",
       "0   Jan 28, 2022  831.56  857.50  792.01  846.35      846.35  44,340,957\n",
       "\n",
       "[100 rows x 7 columns]"
      ]
     },
     "execution_count": 9,
     "metadata": {},
     "output_type": "execute_result"
    }
   ],
   "source": [
    "df=df[::-1]\n",
    "df"
   ]
  },
  {
   "cell_type": "code",
   "execution_count": 10,
   "id": "c6ac5725",
   "metadata": {},
   "outputs": [
    {
     "data": {
      "text/html": [
       "<div>\n",
       "<style scoped>\n",
       "    .dataframe tbody tr th:only-of-type {\n",
       "        vertical-align: middle;\n",
       "    }\n",
       "\n",
       "    .dataframe tbody tr th {\n",
       "        vertical-align: top;\n",
       "    }\n",
       "\n",
       "    .dataframe thead th {\n",
       "        text-align: right;\n",
       "    }\n",
       "</style>\n",
       "<table border=\"1\" class=\"dataframe\">\n",
       "  <thead>\n",
       "    <tr style=\"text-align: right;\">\n",
       "      <th></th>\n",
       "      <th>Date</th>\n",
       "      <th>Open</th>\n",
       "      <th>High</th>\n",
       "      <th>Low</th>\n",
       "      <th>Close*</th>\n",
       "      <th>Adj Close**</th>\n",
       "      <th>Volume</th>\n",
       "    </tr>\n",
       "  </thead>\n",
       "  <tbody>\n",
       "    <tr>\n",
       "      <th>0</th>\n",
       "      <td>Sep 08, 2021</td>\n",
       "      <td>761.58</td>\n",
       "      <td>764.45</td>\n",
       "      <td>740.77</td>\n",
       "      <td>753.87</td>\n",
       "      <td>753.87</td>\n",
       "      <td>18,793,000</td>\n",
       "    </tr>\n",
       "    <tr>\n",
       "      <th>1</th>\n",
       "      <td>Sep 09, 2021</td>\n",
       "      <td>753.41</td>\n",
       "      <td>762.10</td>\n",
       "      <td>751.63</td>\n",
       "      <td>754.86</td>\n",
       "      <td>754.86</td>\n",
       "      <td>14,077,700</td>\n",
       "    </tr>\n",
       "    <tr>\n",
       "      <th>2</th>\n",
       "      <td>Sep 10, 2021</td>\n",
       "      <td>759.60</td>\n",
       "      <td>762.61</td>\n",
       "      <td>734.52</td>\n",
       "      <td>736.27</td>\n",
       "      <td>736.27</td>\n",
       "      <td>15,114,300</td>\n",
       "    </tr>\n",
       "    <tr>\n",
       "      <th>3</th>\n",
       "      <td>Sep 13, 2021</td>\n",
       "      <td>740.21</td>\n",
       "      <td>744.78</td>\n",
       "      <td>708.85</td>\n",
       "      <td>743.00</td>\n",
       "      <td>743.00</td>\n",
       "      <td>22,952,500</td>\n",
       "    </tr>\n",
       "    <tr>\n",
       "      <th>4</th>\n",
       "      <td>Sep 14, 2021</td>\n",
       "      <td>742.57</td>\n",
       "      <td>754.47</td>\n",
       "      <td>736.40</td>\n",
       "      <td>744.49</td>\n",
       "      <td>744.49</td>\n",
       "      <td>18,524,900</td>\n",
       "    </tr>\n",
       "    <tr>\n",
       "      <th>...</th>\n",
       "      <td>...</td>\n",
       "      <td>...</td>\n",
       "      <td>...</td>\n",
       "      <td>...</td>\n",
       "      <td>...</td>\n",
       "      <td>...</td>\n",
       "      <td>...</td>\n",
       "    </tr>\n",
       "    <tr>\n",
       "      <th>95</th>\n",
       "      <td>Jan 24, 2022</td>\n",
       "      <td>904.76</td>\n",
       "      <td>933.51</td>\n",
       "      <td>851.47</td>\n",
       "      <td>930.00</td>\n",
       "      <td>930.00</td>\n",
       "      <td>50,791,700</td>\n",
       "    </tr>\n",
       "    <tr>\n",
       "      <th>96</th>\n",
       "      <td>Jan 25, 2022</td>\n",
       "      <td>914.20</td>\n",
       "      <td>951.26</td>\n",
       "      <td>903.21</td>\n",
       "      <td>918.40</td>\n",
       "      <td>918.40</td>\n",
       "      <td>28,865,300</td>\n",
       "    </tr>\n",
       "    <tr>\n",
       "      <th>97</th>\n",
       "      <td>Jan 26, 2022</td>\n",
       "      <td>952.43</td>\n",
       "      <td>987.69</td>\n",
       "      <td>906.00</td>\n",
       "      <td>937.41</td>\n",
       "      <td>937.41</td>\n",
       "      <td>33,425,700</td>\n",
       "    </tr>\n",
       "    <tr>\n",
       "      <th>98</th>\n",
       "      <td>Jan 27, 2022</td>\n",
       "      <td>933.36</td>\n",
       "      <td>935.39</td>\n",
       "      <td>829.00</td>\n",
       "      <td>829.10</td>\n",
       "      <td>829.10</td>\n",
       "      <td>48,475,400</td>\n",
       "    </tr>\n",
       "    <tr>\n",
       "      <th>99</th>\n",
       "      <td>Jan 28, 2022</td>\n",
       "      <td>831.56</td>\n",
       "      <td>857.50</td>\n",
       "      <td>792.01</td>\n",
       "      <td>846.35</td>\n",
       "      <td>846.35</td>\n",
       "      <td>44,340,957</td>\n",
       "    </tr>\n",
       "  </tbody>\n",
       "</table>\n",
       "<p>100 rows × 7 columns</p>\n",
       "</div>"
      ],
      "text/plain": [
       "            Date    Open    High     Low  Close* Adj Close**      Volume\n",
       "0   Sep 08, 2021  761.58  764.45  740.77  753.87      753.87  18,793,000\n",
       "1   Sep 09, 2021  753.41  762.10  751.63  754.86      754.86  14,077,700\n",
       "2   Sep 10, 2021  759.60  762.61  734.52  736.27      736.27  15,114,300\n",
       "3   Sep 13, 2021  740.21  744.78  708.85  743.00      743.00  22,952,500\n",
       "4   Sep 14, 2021  742.57  754.47  736.40  744.49      744.49  18,524,900\n",
       "..           ...     ...     ...     ...     ...         ...         ...\n",
       "95  Jan 24, 2022  904.76  933.51  851.47  930.00      930.00  50,791,700\n",
       "96  Jan 25, 2022  914.20  951.26  903.21  918.40      918.40  28,865,300\n",
       "97  Jan 26, 2022  952.43  987.69  906.00  937.41      937.41  33,425,700\n",
       "98  Jan 27, 2022  933.36  935.39  829.00  829.10      829.10  48,475,400\n",
       "99  Jan 28, 2022  831.56  857.50  792.01  846.35      846.35  44,340,957\n",
       "\n",
       "[100 rows x 7 columns]"
      ]
     },
     "execution_count": 10,
     "metadata": {},
     "output_type": "execute_result"
    }
   ],
   "source": [
    "df.reset_index(drop=True, inplace=True)\n",
    "df"
   ]
  },
  {
   "cell_type": "code",
   "execution_count": 11,
   "id": "b1015598",
   "metadata": {},
   "outputs": [
    {
     "name": "stdout",
     "output_type": "stream",
     "text": [
      "<class 'pandas.core.frame.DataFrame'>\n",
      "RangeIndex: 100 entries, 0 to 99\n",
      "Data columns (total 7 columns):\n",
      " #   Column       Non-Null Count  Dtype  \n",
      "---  ------       --------------  -----  \n",
      " 0   Date         100 non-null    object \n",
      " 1   Open         100 non-null    object \n",
      " 2   High         100 non-null    object \n",
      " 3   Low          100 non-null    object \n",
      " 4   Close*       100 non-null    float64\n",
      " 5   Adj Close**  100 non-null    object \n",
      " 6   Volume       100 non-null    object \n",
      "dtypes: float64(1), object(6)\n",
      "memory usage: 5.6+ KB\n"
     ]
    }
   ],
   "source": [
    "df['Close*']=df['Close*'].apply(lambda x: x.replace(',','')).apply(pd.to_numeric)\n",
    "df.info()"
   ]
  },
  {
   "cell_type": "code",
   "execution_count": 12,
   "id": "975facfe",
   "metadata": {},
   "outputs": [
    {
     "data": {
      "text/plain": [
       "numpy.ndarray"
      ]
     },
     "execution_count": 12,
     "metadata": {},
     "output_type": "execute_result"
    }
   ],
   "source": [
    "import numpy as np\n",
    "data=df[['Close*']]\n",
    "dataset=np.array(data)\n",
    "type(dataset)"
   ]
  },
  {
   "cell_type": "code",
   "execution_count": 13,
   "id": "ecafdb50",
   "metadata": {},
   "outputs": [
    {
     "name": "stdout",
     "output_type": "stream",
     "text": [
      "80\n"
     ]
    }
   ],
   "source": [
    "training_data_len=int(len(dataset)*0.8)\n",
    "print(training_data_len)"
   ]
  },
  {
   "cell_type": "code",
   "execution_count": 14,
   "id": "4a181763",
   "metadata": {
    "scrolled": true
   },
   "outputs": [
    {
     "name": "stderr",
     "output_type": "stream",
     "text": [
      "/Users/hayashishifuchi/opt/anaconda3/envs/deeplearning/lib/python3.7/site-packages/ipykernel_launcher.py:5: UserWarning: FixedFormatter should only be used together with FixedLocator\n",
      "  \"\"\"\n"
     ]
    },
    {
     "data": {
      "text/plain": [
       "<matplotlib.legend.Legend at 0x7f9d1d055e10>"
      ]
     },
     "execution_count": 14,
     "metadata": {},
     "output_type": "execute_result"
    },
    {
     "data": {
